1 -57.996630957000662 
2 -57.996590470856283 
3 -57.996549497900716 
4 -57.996508032279635 
5 -57.996466068068194 
6 -57.996423599270514 
7 -57.996380619818488 
8 -57.996337123571017 
9 -57.996293104313089 
10 -57.996248555754953 
11 -57.996203471531288 
12 -57.996157845200081 
13 -57.996111670241781 
14 -57.996064940058638 
15 -57.996017647973190 
16 -57.995969787227970 
17 -57.995921350984041 
18 -57.995872332320282 
19 -57.995822724232141 
20 -57.995772519630961 
21 -57.995721711342824 
22 -57.995670292107505 
23 -57.995618254577145 
24 -57.995565591315867 
25 -57.995512294798210 
26 -57.995458357408147 
27 -57.995403771437879 
28 -57.995348529087003 
29 -57.995292622461449 
30 -57.995236043572049 
31 -57.995178784333248 
32 -57.995120836562421 
33 -57.995062191978711 
34 -57.995002842201281 
35 -57.994942778748502 
36 -57.994881993036898 
37 -57.994820476379665 
38 -57.994758219985272 
39 -57.994695214956664 
40 -57.994631452289475 
41 -57.994566922871172 
42 -57.994501617479578 
43 -57.994435526781515 
44 -57.994368641331405 
45 -57.994300951570224 
46 -57.994232447823677 
47 -57.994163120301160 
48 -57.994092959094317 
49 -57.994021954175501 
50 -57.993950095396343 
51 -57.993877372486473 
52 -57.993803775051830 
53 -57.993729292573285 
54 -57.993653914405186 
55 -57.993577629773675 
56 -57.993500427775210 
57 -57.993422297375261 
58 -57.993343227406186 
59 -57.993263206566091 
60 -57.993182223417151 
61 -57.993100266383784 
62 -57.993017323751012 
63 -57.992933383663029 
64 -57.992848434121271 
65 -57.992762462982569 
66 -57.992675457957951 
67 -57.992587406610348 
68 -57.992498296352927 
69 -57.992408114447464 
70 -57.992316848002382 
71 -57.992224483970929 
72 -57.992131009149205 
73 -57.992036410174627 
74 -57.991940673523580 
75 -57.991843785509580 
76 -57.991745732281501 
77 -57.991646499821385 
78 -57.991546073942992 
79 -57.991444440288490 
80 -57.991341584327877 
81 -57.991237491355868 
82 -57.991132146490230 
83 -57.991025534669745 
84 -57.990917640651638 
85 -57.990808449009798 
86 -57.990697944132080 
87 -57.990586110218793 
88 -57.990472931279726 
89 -57.990358391132084 
90 -57.990242473398816 
91 -57.990125161504643 
92 -57.990006438675593 
93 -57.989886287935562 
94 -57.989764692103741 
95 -57.989641633792601 
96 -57.989517095405098 
97 -57.989391059132657 
98 -57.989263506951801 
99 -57.989134420622271 
100 -57.989003781684190 
101 -57.988871571455164 
102 -57.988737771027949 
103 -57.988602361267588 
104 -57.988465322808601 
105 -57.988326636052321 
106 -57.988186281164090 
107 -57.988044238070174 
108 -57.987900486455281 
109 -57.987755005759226 
110 -57.987607775174460 
111 -57.987458773642295 
112 -57.987307979851082 
113 -57.987155372231726 
114 -57.987000928955851 
115 -57.986844627931859 
116 -57.986686446802082 
117 -57.986526362939529 
118 -57.986364353444600 
119 -57.986200395141886 
120 -57.986034464576626 
121 -57.985866538011464 
122 -57.985696591423221 
123 -57.985524600499154 
124 -57.985350540633583 
125 -57.985174386924392 
126 -57.984996114169270 
127 -57.984815696862469 
128 -57.984633109190582 
129 -57.984448325029263 
130 -57.984261317939598 
131 -57.984072061163651 
132 -57.983880527621153 
133 -57.983686689905596 
134 -57.983490520279993 
135 -57.983291990673180 
136 -57.983091072675535 
137 -57.982887737535080 
138 -57.982681956153321 
139 -57.982473699080884 
140 -57.982262936513472 
141 -57.982049638287570 
142 -57.981833773875849 
143 -57.981615312383262 
144 -57.981394222541908 
145 -57.981170472707241 
146 -57.980944030853010 
147 -57.980714864566892 
148 -57.980482941045729 
149 -57.980248227090968 
150 -57.980010689103523 
151 -57.979770293079177 
152 -57.979527004603838 
153 -57.979280788848335 
154 -57.979031610563247 
155 -57.978779434074291 
156 -57.978524223276928 
157 -57.978265941630944 
158 -57.978004552155554 
159 -57.977740017423862 
160 -57.977472299557668 
161 -57.977201360221500 
162 -57.976927160617734 
163 -57.976649661480650 
164 -57.976368823070771 
165 -57.976084605169099 
166 -57.975796967071503 
167 -57.975505867582797 
168 -57.975211265010387 
169 -57.974913117159048 
170 -57.974611381323932 
171 -57.974306014285304 
172 -57.973996972301386 
173 -57.973684211102800 
174 -57.973367685885769 
175 -57.973047351305787 
176 -57.972723161470917 
177 -57.972395069935523 
178 -57.972063029692940 
179 -57.971726993169412 
180 -57.971386912216474 
181 -57.971042738104821 
182 -57.970694421516413 
183 -57.970341912537904 
184 -57.969985160653337 
185 -57.969624114736689 
186 -57.969258723044398 
187 -57.968888933208312 
188 -57.968514692227728 
189 -57.968135946461580 
190 -57.967752641621303 
191 -57.967364722762142 
192 -57.966972134276254 
193 -57.966574819883562 
194 -57.966172722624144 
195 -57.965765784850078 
196 -57.965353948216865 
197 -57.964937153675031 
198 -57.964515341461613 
199 -57.964088451091584 
200 -57.963656421348801 
201 -57.963219190277378 
202 -57.962776695172657 
203 -57.962328872572229 
204 -57.961875658246399 
205 -57.961416987188848 
206 -57.960952793608030 
207 -57.960483010916526 
208 -57.960007571722059 
209 -57.959526407817400 
210 -57.959039450170785 
211 -57.958546628915443 
212 -57.958047873339908 
213 -57.957543111877449 
214 -57.957032272095624 
215 -57.956515280686475 
216 -57.955992063454602 
217 -57.955462545307313 
218 -57.954926650243600 
219 -57.954384301342870 
220 -57.953835420753840 
221 -57.953279929683248 
222 -57.952717748384472 
223 -57.952148796145494 
224 -57.951572991277814 
225 -57.950990251104045 
226 -57.950400491946205 
227 -57.949803629113191 
228 -57.949199576888880 
229 -57.948588248519151 
230 -57.947969556199645 
231 -57.947343411062882 
232 -57.946709723165185 
233 -57.946068401473475 
234 -57.945419353852486 
235 -57.944762487050824 
236 -57.944097706687486 
237 -57.943424917238303 
238 -57.942744022021749 
239 -57.942054923184976 
240 -57.941357521689419 
241 -57.940651717296319 
242 -57.939937408552666 
243 -57.939214492775235 
244 -57.938482866036694 
245 -57.937742423149778 
246 -57.936993057651890 
247 -57.936234661790273 
248 -57.935467126505451 
249 -57.934690341415219 
250 -57.933904194799474 
251 -57.933108573582793 
252 -57.932303363318489 
253 -57.931488448171727 
254 -57.930663710902408 
255 -57.929829032848176 
256 -57.928984293907220 
257 -57.928129372519891 
258 -57.927264145652273 
259 -57.926388488776723 
260 -57.925502275854328 
261 -57.924605379316660 
262 -57.923697670046373 
263 -57.922779017358657 
264 -57.921849288982294 
265 -57.920908351039770 
266 -57.919956068027979 
267 -57.918992302797975 
268 -57.918016916535642 
269 -57.917029768739994 
270 -57.916030717203647 
271 -57.915019617991533 
272 -57.913996325419902 
273 -57.912960692034510 
274 -57.911912568589102 
275 -57.910851804023864 
276 -57.909778245442737 
277 -57.908691738091221 
278 -57.907592125333267 
279 -57.906479248628571 
280 -57.905352947508952 
281 -57.904213059554976 
282 -57.903059420371825 
283 -57.901891863565268 
284 -57.900710220716952 
285 -57.899514321359867 
286 -57.898303992952620 
287 -57.897079060854708 
288 -57.895839348300427 
289 -57.894584676372887 
290 -57.893314863977402 
291 -57.892029727814950 
292 -57.890729082355236 
293 -57.889412739808989 
294 -57.888080510100522 
295 -57.886732200839631 
296 -57.885367617293042 
297 -57.883986562355346 
298 -57.882588836520895 
299 -57.881174237853195 
300 -57.879742561955574 
301 -57.878293601941174 
302 -57.876827148401560 
303 -57.875342989376897 
304 -57.873840910323523 
305 -57.872320694082838 
306 -57.870782120849157 
307 -57.869224968136749 
308 -57.867649010747186 
309 -57.866054020736385 
310 -57.864439767379920 
311 -57.862806017139903 
312 -57.861152533629500 
313 -57.859479077578676 
314 -57.857785406798072 
315 -57.856071276143759 
316 -57.854336437480399 
317 -57.852580639644614 
318 -57.850803628407796 
319 -57.849005146438664 
320 -57.847184933264920 
321 -57.845342725233934 
322 -57.843478255475311 
323 -57.841591253859740 
324 -57.839681446959453 
325 -57.837748558007974 
326 -57.835792306858949 
327 -57.833812409944137 
328 -57.831808580231886 
329 -57.829780527184347 
330 -57.827727956714405 
331 -57.825650571141857 
332 -57.823548069149844 
333 -57.821420145739445 
334 -57.819266492184724 
335 -57.817086795987038 
336 -57.814880740828499 
337 -57.812648006525293 
338 -57.810388268979850 
339 -57.808101200133095 
340 -57.805786467915588 
341 -57.803443736198403 
342 -57.801072664743216 
343 -57.798672909151982 
344 -57.796244120815551 
345 -57.793785946862378 
346 -57.791298030106127 
347 -57.788780008992525 
348 -57.786231517546163 
349 -57.783652185315972 
350 -57.781041637320428 
351 -57.778399493992211 
352 -57.775725371121730 
353 -57.773018879800517 
354 -57.770279626363674 
355 -57.767507212331331 
356 -57.764701234350177 
357 -57.761861284133602 
358 -57.758986948401173 
359 -57.756077808818063 
360 -57.753133441933080 
361 -57.750153419115684 
362 -57.747137306493634 
363 -57.744084664888454 
364 -57.740995049750495 
365 -57.737868011094186 
366 -57.734703093431200 
367 -57.731499835703495 
368 -57.728257771215617 
369 -57.724976427565835 
370 -57.721655326577569 
371 -57.718293984227820 
372 -57.714891910577542 
373 -57.711448609698884 
374 -57.707963579602747 
375 -57.704436312166017 
376 -57.700866293055583 
377 -57.697253001655241 
378 -57.693595910988144 
379 -57.689894487640260 
380 -57.686148191683088 
381 -57.682356476594506 
382 -57.678518789179812 
383 -57.674634569490273 
384 -57.670703250743415 
385 -57.666724259239402 
386 -57.662697014278493 
387 -57.658620928077248 
388 -57.654495405683377 
389 -57.650319844889729 
390 -57.646093636147505 
391 -57.641816162479010 
392 -57.637486799388455 
393 -57.633104914772467 
394 -57.628669868829476 
395 -57.624181013968226 
396 -57.619637694715550 
397 -57.615039247621915 
398 -57.610385001168389 
399 -57.605674275669884 
400 -57.600906383179556 
401 -57.596080627390982 
402 -57.591196303539739 
403 -57.586252698304413 
404 -57.581249089705679 
405 -57.576184747004966 
406 -57.571058930602426 
407 -57.565870891933024 
408 -57.560619873362413 
409 -57.555305108081150 
410 -57.549925819998727 
411 -57.544481223635302 
412 -57.538970524014026 
413 -57.533392916550859 
414 -57.527747586944550 
415 -57.522033711064587 
416 -57.516250454838683 
417 -57.510396974139653 
418 -57.504472414670261 
419 -57.498475911847656 
420 -57.492406590686961 
421 -57.486263565683480 
422 -57.480045940694083 
423 -57.473752808817501 
424 -57.467383252273699 
425 -57.460936342282402 
426 -57.454411138939975 
427 -57.447806691096602 
428 -57.441122036230986 
429 -57.434356200325340 
430 -57.427508197738526 
431 -57.420577031079191 
432 -57.413561691076787 
433 -57.406461156452373 
434 -57.399274393789462 
435 -57.392000357401237 
436 -57.384637989200080 
437 -57.377186218564191 
438 -57.369643962203973 
439 -57.362010124027087 
440 -57.354283595004183 
441 -57.346463253031679 
442 -57.338547962795928 
443 -57.330536575634817 
444 -57.322427929399453 
445 -57.314220848315372 
446 -57.305914142842887 
447 -57.297506609536363 
448 -57.288997030903353 
449 -57.280384175262427 
450 -57.271666796601785 
451 -57.262843634435917 
452 -57.253913413662488 
453 -57.244874844418341 
454 -57.235726621935704 
455 -57.226467426397186 
456 -57.217095922791110 
457 -57.207610760765860 
458 -57.198010574484478 
459 -57.188293982478882 
460 -57.178459587503880 
461 -57.168505976390598 
462 -57.158431719900570 
463 -57.148235372579329 
464 -57.137915472609841 
465 -57.127470541666668 
466 -57.116899084769010 
467 -57.106199590135731 
468 -57.095370529038568 
469 -57.084410355657404 
470 -57.073317506934565 
471 -57.062090402430321 
472 -57.050727444178833 
473 -57.039227016544231 
474 -57.027587486077415 
475 -57.015807201373981 
476 -57.003884492932912 
477 -56.991817673014829 
478 -56.979605035503411 
479 -56.967244855765905 
480 -56.954735390516056 
481 -56.942074877676923 
482 -56.929261536246408 
483 -56.916293566163198 
484 -56.903169148174470 
485 -56.889886443705294 
486 -56.876443594729515 
487 -56.862838723642540 
488 -56.849069933136029 
489 -56.835135306074470 
490 -56.821032905373762 
491 -56.806760773882644 
492 -56.792316934265450 
493 -56.777699388888145 
494 -56.762906119706486 
495 -56.747935088157284 
496 -56.732784235051675 
497 -56.717451480472690 
498 -56.701934723674420 
499 -56.686231842985286 
500 -56.670340695714600 
501 -56.654259118061880 
502 -56.637984925030878 
503 -56.621515910347064 
504 -56.604849846377526 
505 -56.587984484057564 
506 -56.570917552819047 
507 -56.553646760524614 
508 -56.536169793405705 
509 -56.518484316005079 
510 -56.500587971125185 
511 -56.482478379779671 
512 -56.464153141151662 
513 -56.445609832556762 
514 -56.426846009410383 
515 -56.407859205203138 
516 -56.388646931478945 
517 -56.369206677820934 
518 -56.349535911843390 
519 -56.329632079188890 
520 -56.309492603532306 
521 -56.289114886591733 
522 -56.268496308145373 
523 -56.247634226055297 
524 -56.226525976299150 
525 -56.205168873007430 
526 -56.183560208509384 
527 -56.161697253385540 
528 -56.139577256528163 
529 -56.117197445209300 
530 -56.094555025156517 
531 -56.071647180637299 
532 -56.048471074550442 
533 -56.025023848526352 
534 -56.001302623036068 
535 -55.977304497508094 
536 -55.953026550453707 
537 -55.928465839602275 
538 -55.903619402043375 
539 -55.878484254379586 
540 -55.853057392886683 
541 -55.827335793685165 
542 -55.801316412917359 
543 -55.774996186937628 
544 -55.748372032509145 
545 -55.721440847010577 
546 -55.694199508652424 
547 -55.666644876702527 
548 -55.638773791720418 
549 -55.610583075801536 
550 -55.582069532830928 
551 -55.553229948744907 
552 -55.524061091803311 
553 -55.494559712870220 
554 -55.464722545703786 
555 -55.434546307255232 
556 -55.404027697975941 
557 -55.373163402134189 
558 -55.341950088140010 
559 -55.310384408877916 
560 -55.278463002049229 
561 -55.246182490520418 
562 -55.213539482680439 
563 -55.180530572805864 
564 -55.147152341431969 
565 -55.113401355731654 
566 -55.079274169900557 
567 -55.044767325548541 
568 -55.009877352097320 
569 -54.974600767182615 
570 -54.938934077062513 
571 -54.902873777029598 
572 -54.866416351827631 
573 -54.829558276071410 
574 -54.792296014670463 
575 -54.754626023254382 
576 -54.716544748600590 
577 -54.678048629063746 
578 -54.639134095005218 
579 -54.599797569222879 
580 -54.560035467380608 
581 -54.519844198435521 
582 -54.479220165064270 
583 -54.438159764085903 
584 -54.396659386880245 
585 -54.354715419803497 
586 -54.312324244597335 
587 -54.269482238791781 
588 -54.226185776101879 
589 -54.182431226815140 
590 -54.138214958171162 
591 -54.093533334731234 
592 -54.048382718736583 
593 -54.002759470454876 
594 -53.956659948515068 
595 -53.910080510226933 
596 -53.863017511886738 
597 -53.815467309067500 
598 -53.767426256891682 
599 -53.718890710286118 
600 -53.669857024219574 
601 -53.620321553918437 
602 -53.570280655063641 
603 -53.519730683965065 
604 -53.468667997713403 
605 -53.417088954308689 
606 -53.364989912764422 
607 -53.312367233187132 
608 -53.259217276829020 
609 -53.205536406114916 
610 -53.151320984641153 
611 -53.096567377147522 
612 -53.041271949459592 
613 -52.985431068403287 
614 -52.929041101689840 
615 -52.872098417770410 
616 -52.814599385662817 
617 -52.756540374746905 
618 -52.697917754530984 
619 -52.638727894389724 
620 -52.578967163270597 
621 -52.518631929374727 
622 -52.457718559807859 
623 -52.396223420204883 
624 -52.334142874328428 
625 -52.271473283642827 
626 -52.208211006864232 
627 -52.144352399489591 
628 -52.079893813305681 
629 -52.014831595880125 
630 -51.949162090037120 
631 -51.882881633321617 
632 -51.815986557451609 
633 -51.748473187766017 
634 -51.680337842668358 
635 -51.611576833070998 
636 -51.542186461845318 
637 -51.472163023280018 
638 -51.401502802554560 
639 -51.330202075231036 
640 -51.258257106771026 
641 -51.185664152083284 
642 -51.112419455107506 
643 -51.038519248442498 
644 -50.963959753022628 
645 -50.888737177853614 
646 -50.812847719811856 
647 -50.736287563517685 
648 -50.659052881288957 
649 -50.581139833185446 
650 -50.502544567150288 
651 -50.423263219261337 
652 -50.343291914098032 
653 -50.262626765235346 
654 -50.181263875875636 
655 -50.099199339625201 
656 -50.016429241428746 
657 -49.932949658670161 
658 -49.848756662449404 
659 -49.763846319046586 
660 -49.678214691581488 
661 -49.591857841879630 
662 -49.504771832552152 
663 -49.416952729298742 
664 -49.328396603442044 
665 -49.239099534700443 
666 -49.149057614203919 
667 -49.058266947760806 
668 -48.966723659376918 
669 -48.874423895031178 
670 -48.781363826707299 
671 -48.687539656682084 
672 -48.592947622065935 
673 -48.497583999590965 
674 -48.401445110638662 
675 -48.304527326497805 
676 -48.206827073836671 
677 -48.108340840375227 
678 -48.009065180736030 
679 -47.908996722449629 
680 -47.808132172087866 
681 -47.706468321491002 
682 -47.604002054055641 
683 -47.500730351038904 
684 -47.396650297836771 
685 -47.291759090185359 
686 -47.186054040231163 
687 -47.079532582411083 
688 -46.972192279079387 
689 -46.864030825814986 
690 -46.755046056337896 
691 -46.645235946960739 
692 -46.534598620499665 
693 -46.423132349567098 
694 -46.310835559167693 
695 -46.197706828517489 
696 -46.083744892013954 
697 -45.968948639278885 
698 -45.853317114208693 
699 -45.736849512968369 
700 -45.619545180875399 
701 -45.501403608128825 
702 -45.382424424352045 
703 -45.262607391930487 
704 -45.141952398142998 
705 -45.020459446101015 
706 -44.898128644530651 
707 -44.774960196455609 
708 -44.650954386854337 
709 -44.526111569396342 
710 -44.400432152378023 
711 -44.273916584006784 
712 -44.146565337199767 
713 -44.018378894089658 
714 -43.889357730443621 
715 -43.759502300221669 
716 -43.628813020513199 
717 -43.497290257098449 
718 -43.364934310889026 
719 -43.231745405500483 
720 -43.097723676207593 
721 -42.962869160521095 
722 -42.827181790613054 
723 -42.690661387795053 
724 -42.553307659231727 
725 -42.415120197041958 
726 -42.276098479907695 
727 -42.136241877274543 
728 -41.995549656190370 
729 -41.854020990788662 
730 -41.711654974383109 
731 -41.568450634099406 
732 -41.424406947933392 
733 -41.279522864086573 
734 -41.133797322395900 
735 -40.987229277646875 
736 -40.839817724529880 
737 -40.691561723978644 
738 -40.542460430614497 
739 -40.392513121003226 
740 -40.241719222427157 
741 -40.090078341871688 
742 -39.937590294922487 
743 -39.784255134281160 
744 -39.630073177610832 
745 -39.475045034437230 
746 -39.319171631845414 
747 -39.162454238729993 
748 -39.004894488373658 
749 -38.846494399152029 
750 -38.687256393180000 
751 -38.527183312740661 
752 -38.366278434356033 
753 -38.204545480383381 
754 -38.041988628040009 
755 -37.878612515781349 
756 -37.714422246978280 
757 -37.549423390856433 
758 -37.383621980680360 
759 -37.217024509184043 
760 -37.049637921262800 
761 -36.881469603960390 
762 -36.712527373799297 
763 -36.542819461514163 
764 -36.372354494266261 
765 -36.201141475424500 
766 -36.029189762015534 
767 -35.856509039953146 
768 -35.683109297170908 
769 -35.509000794792918 
770 -35.334194036485087 
771 -35.158699736144406 
772 -34.982528784088878 
773 -34.805692211924324 
774 -34.628201156269917 
775 -34.450066821539259 
776 -34.271300441975910 
777 -34.091913243157933 
778 -33.911916403190034 
779 -33.731321013812781 
780 -33.550138041665910 
781 -33.368378289950712 
782 -33.186052360743645 
783 -33.003170618221112 
784 -32.819743153060870 
785 -32.635779748292620 
786 -32.451289846874509 
787 -32.266282521277397 
788 -32.080766445361803 
789 -31.894749868835095 
790 -31.708240594577820 
791 -31.521245959127526 
792 -31.333772816607208 
793 -31.145827526382046 
794 -30.957415944721944 
795 -30.768543420741064 
796 -30.579214796873558 
797 -30.389434414135184 
798 -30.199206122398348 
799 -30.008533295895603 
800 -29.817418854137220 
801 -29.625865288403368 
802 -29.433874693937028 
803 -29.241448807926346 
804 -29.048589053318558 
805 -28.855296588458518 
806 -28.661572362483806 
807 -28.467417176343560 
808 -28.272831749231671 
809 -28.077816790140101 
810 -27.882373074145519 
811 -27.686501522935945 
812 -27.490203288971845 
813 -27.293479842549981 
814 -27.096333060906119 
815 -26.898765318349525 
816 -26.700779576274218 
817 -26.502379471738823 
818 -26.303569403153713 
819 -26.104354611463627 
820 -25.904741255075443 
821 -25.704736476654176 
822 -25.504348459814572 
823 -25.303586473668641 
824 -25.102460903171682 
825 -24.900983263247358 
826 -24.699166194778584 
827 -24.497023440740765 
828 -24.294569801032196 
829 -24.091821064937765 
830 -23.888793920647267 
831 -23.685505841836331 
832 -23.481974952013189 
833 -23.278219868097235 
834 -23.074259525540498 
835 -22.870112988158752 
836 -22.665799246702974 
837 -22.461337010998999 
838 -22.256744501181753 
839 -22.052039244086760 
840 -21.847237881194072 
841 -21.642355994601431 
842 -21.437407957309816 
843 -21.232406813617370 
844 -21.027364194648865 
845 -20.822290273016741 
846 -20.617193759368195 
847 -20.412081942176105 
848 -20.206960770662278 
849 -20.001834979269333 
850 -19.796708250710861 
851 -19.591583413394460 
852 -19.386462667989612 
853 -19.181347837147783 
854 -18.976240631889613 
855 -18.771142927970132 
856 -18.566057045590075 
857 -18.360986026122198 
858 -18.155933900016002 
859 -17.950905940696142 
860 -17.745908900021799 
861 -17.540951221686022 
862 -17.336043229758566 
863 -17.131197290382662 
864 -16.926427945387402 
865 -16.721752017265967 
866 -16.517188685568168 
867 -16.312759535269045 
868 -16.108488578095113 
869 -15.904402248122139 
870 -15.700529373211575 
871 -15.496901124030122 
872 -15.293550942514162 
873 -15.090514451702218 
874 -14.887829348877940 
875 -14.685535283950149 
876 -14.483673724953260 
877 -14.282287812488507 
878 -14.081422204850663 
879 -13.881122915497778 
880 -13.681437144432493 
881 -13.482413104967858 
882 -13.284099847260457 
883 -13.086547079900521 
884 -12.889804990759941 
885 -12.693924068216216 
886 -12.498954923785623 
887 -12.304948117124951 
888 -12.111953984283316 
889 -11.920022470018655 
890 -11.729202964922322 
891 -11.539544148033251 
892 -11.351093835557966 
893 -11.163898836254354 
894 -10.978004813976275 
895 -10.793456157820749 
896 -10.610295860263323 
897 -10.428565403612767 
898 -10.248304655066081 
899 -10.069551770592497 
900 -9.8923431078290456 
901 -9.7167131481222651 
902 -9.5426944278087351 
903 -9.3703174787829511 
904 -9.1996107783626186 
905 -9.0306007084218738 
906 -8.8633115237261517 
907 -8.6977653293655113 
908 -8.5339820671477575 
909 -8.3719795107773560 
910 -8.2117732696107950 
911 -8.0533768007456494 
912 -7.8968014291662545 
913 -7.7420563756397263 
914 -7.5891487920252274 
915 -7.4380838036370251 
916 -7.2888645582795153 
917 -7.1414922815585831 
918 -6.9959663380613888 
919 -6.8522842979920817 
920 -6.7104420088468091 
921 -6.5704336717114922 
922 -6.4322519217635747 
923 -6.2958879125586025 
924 -6.1613314036749474 
925 -6.0285708512834582 
926 -5.8975935011967646 
927 -5.7683854839408042 
928 -5.6409319113814371 
929 -5.5152169744327457 
930 -5.3912240413771801 
931 -5.2689357563392090 
932 -5.1483341374797993 
933 -5.0294006745094100 
934 -4.9121164251576301 
935 -4.7964621102727714 
936 -4.6824182072567204 
937 -4.5699650415568334 
938 -4.4590828759377938 
939 -4.3497519972422207 
940 -4.2419528003246034 
941 -4.1356658688176244 
942 -4.0308720523770614 
943 -3.9275525400622731 
944 -3.8256889295492851 
945 -3.7252632919471909 
946 -3.6262582320829559 
947 -3.5286569442194375 
948 -3.4324432632535338 
949 -3.3376017114847927 
950 -3.2441175410356808 
951 -3.1519767719487373 
952 -3.0611662258997638 
953 -2.9716735553892559 
954 -2.8834872682491501 
955 -2.7965967473603377 
956 -2.7109922656335068 
957 -2.6266649965365363 
958 -2.5436070207035373 
959 -2.4618113293532917 
960 -2.3812718253111358 
961 -2.3019833223320645 
962 -2.2239415431894578 
963 -2.1471431167172099 
964 -2.0715855738065958 
965 -1.9972673423869964 
966 -1.9241877417167734 
967 -1.8523469768092271 
968 -1.7817461343343626 
969 -1.7123871816166962 
970 -1.6442729701975580 
971 -1.5774072448228660 
972 -1.5117946578757862 
973 -1.4474407886187148 
974 -1.3843521665639922 
975 -1.3225362990342751 
976 -1.2620017042097735 
977 -1.2027579519561222 
978 -1.1448157146328677 
979 -1.0881868285094949 
980 -1.0328843639421894 
981 -0.97892270067391685 
982 -0.92631760532702601 
983 -0.87508631201051590 
984 -0.82524761213073028 
985 -0.77682196169744244 
986 -0.72983160922892820 
987 -0.68430073442133532 
988 -0.64025557465434857 
989 -0.59772451839459573 
990 -0.55673817690144844 
991 -0.51732950968050628 
992 -0.47952543177162288 
993 -0.44338625625941036 
994 -0.40893650113056890 
995 -0.37622393368246848 
996 -0.34529570740629134 
997 -0.31620321132478851 
998 -0.28900206013356233 
999 -0.26375137475398097 
1000 -0.24051295012774826 
1001 -0.21935117444050312 
1002 -0.19706280055760389 
1003 -0.18068494017171935 
1004 -0.16658706105937482 
1005 -0.15487692196864020 
1006 -0.14566870854568897 
1007 -0.13908382179569181 
1008 -0.13525044466905348 
1009 -0.13430439436205283 
1010 -0.13639028807058975 
1011 -0.14166187777004169 
1012 -0.15028164052706855 
1013 -0.16242084593462422 
1014 -0.17826057510918039 
1015 -0.19799190407773945 
1016 -0.22181613009730669 
1017 -0.24994490395711688 
1018 -0.28260192555095059 
1019 -0.32002409657219977 
1020 -0.36246084949547408 
1021 -0.41017478468480156 
1022 -0.46344376161512890 
1023 -0.52256007817435923 
1024 -0.58783067127887745 
1025 -0.65957973093434330 
1026 -0.73814654441164396 
1027 -0.82388855421870610 
1028 -0.91717970793964165 
1029 -1.0184130426610982 
1030 -1.1279995610608471 
